{
  "nbformat": 4,
  "nbformat_minor": 0,
  "metadata": {
    "colab": {
      "provenance": [],
      "include_colab_link": true
    },
    "kernelspec": {
      "name": "python3",
      "display_name": "Python 3"
    },
    "language_info": {
      "name": "python"
    }
  },
  "cells": [
    {
      "cell_type": "markdown",
      "metadata": {
        "id": "view-in-github",
        "colab_type": "text"
      },
      "source": [
        "<a href=\"https://colab.research.google.com/github/AlvinNH11/AlvinNH11/blob/main/UAS_BigDataPrediktif.ipynb\" target=\"_parent\"><img src=\"https://colab.research.google.com/assets/colab-badge.svg\" alt=\"Open In Colab\"/></a>"
      ]
    },
    {
      "cell_type": "markdown",
      "source": [
        "**UAS BIG DATA PREDIKTIF ANALYTICS LANJUT**\n"
      ],
      "metadata": {
        "id": "xXYW5Gha_1_e"
      }
    },
    {
      "cell_type": "markdown",
      "source": [
        "**Anggota Kelompok: </br>**\n",
        "1. Wijayanto Agung Wibowo 22.11.4552\n",
        "2. Ghifary Zulvan Novic 22.11.4551\n",
        "3. Alvin Nauval Harits 22.11.4546\n"
      ],
      "metadata": {
        "id": "xsmTUqVk_reF"
      }
    },
    {
      "cell_type": "markdown",
      "source": [
        "#Akuisisi Data"
      ],
      "metadata": {
        "id": "QvGHKCWU_-2q"
      }
    },
    {
      "cell_type": "code",
      "execution_count": null,
      "metadata": {
        "colab": {
          "base_uri": "https://localhost:8080/"
        },
        "id": "bPu4qBnP-clx",
        "outputId": "b574a158-2d28-467a-bebd-30fa03fef35c"
      },
      "outputs": [
        {
          "output_type": "stream",
          "name": "stdout",
          "text": [
            "Downloading from https://www.kaggle.com/api/v1/datasets/download/rahmasleam/breast-cancer?dataset_version_number=1...\n"
          ]
        },
        {
          "output_type": "stream",
          "name": "stderr",
          "text": [
            "100%|██████████| 48.6k/48.6k [00:00<00:00, 13.4MB/s]"
          ]
        },
        {
          "output_type": "stream",
          "name": "stdout",
          "text": [
            "Extracting files...\n",
            "Path to dataset files: /root/.cache/kagglehub/datasets/rahmasleam/breast-cancer/versions/1\n"
          ]
        },
        {
          "output_type": "stream",
          "name": "stderr",
          "text": [
            "\n"
          ]
        }
      ],
      "source": [
        "#Download dataset dari kaggle publik dataset\n",
        "\n",
        "import kagglehub\n",
        "import pandas as pd\n",
        "import os\n",
        "\n",
        "# Download latest version\n",
        "path = kagglehub.dataset_download(\"rahmasleam/breast-cancer\")\n",
        "\n",
        "print(\"Path to dataset files:\", path)"
      ]
    },
    {
      "cell_type": "code",
      "source": [
        "!pip install pyspark"
      ],
      "metadata": {
        "colab": {
          "base_uri": "https://localhost:8080/"
        },
        "id": "T0HQ0MSd-uO6",
        "outputId": "fca55d0f-82ed-4d65-9d59-f2354ffd4ee5"
      },
      "execution_count": null,
      "outputs": [
        {
          "output_type": "stream",
          "name": "stdout",
          "text": [
            "Requirement already satisfied: pyspark in /usr/local/lib/python3.11/dist-packages (3.5.4)\n",
            "Requirement already satisfied: py4j==0.10.9.7 in /usr/local/lib/python3.11/dist-packages (from pyspark) (0.10.9.7)\n"
          ]
        }
      ]
    },
    {
      "cell_type": "code",
      "source": [
        "from pyspark.sql import SparkSession\n",
        "spark = SparkSession.builder.getOrCreate()"
      ],
      "metadata": {
        "id": "rSx-Inpx-v3l"
      },
      "execution_count": null,
      "outputs": []
    },
    {
      "cell_type": "code",
      "source": [
        "from pyspark.sql.functions import col, countDistinct, count, when, isnan, isnull\n",
        "from pyspark.sql.types import IntegerType, StringType, NumericType"
      ],
      "metadata": {
        "id": "rFpHM1e5-yl_"
      },
      "execution_count": null,
      "outputs": []
    },
    {
      "cell_type": "code",
      "source": [
        "# Find the CSV file within the downloaded directory\n",
        "for filename in os.listdir(path):\n",
        "    if filename.endswith(\".csv\"):\n",
        "        file_path = os.path.join(path, filename)\n",
        "        break  # Stop after finding the first CSV file\n",
        "\n",
        "# Now, read the CSV file using the correct file path\n",
        "df = pd.read_csv(file_path)\n",
        "\n",
        "print(\"Path to dataset files:\", file_path)"
      ],
      "metadata": {
        "colab": {
          "base_uri": "https://localhost:8080/"
        },
        "id": "2elO1ze2-7C5",
        "outputId": "23caa4ce-40c7-490a-fcd8-c045cc2731b0"
      },
      "execution_count": null,
      "outputs": [
        {
          "output_type": "stream",
          "name": "stdout",
          "text": [
            "Path to dataset files: /root/.cache/kagglehub/datasets/rahmasleam/breast-cancer/versions/1/breast-cancer.csv\n"
          ]
        }
      ]
    },
    {
      "cell_type": "code",
      "source": [
        "#akuisisi data ke sparkdataframe\n",
        "df = spark.read.csv(path, header = True, inferSchema = True)"
      ],
      "metadata": {
        "id": "tub3cH7v_Vl1"
      },
      "execution_count": null,
      "outputs": []
    },
    {
      "cell_type": "code",
      "source": [
        "#Tampilkan sample data\n",
        "df.show(5)"
      ],
      "metadata": {
        "colab": {
          "base_uri": "https://localhost:8080/"
        },
        "id": "ecnAt_Zk_ct8",
        "outputId": "b12de017-31e3-43f0-ac0c-88ac1f29252a"
      },
      "execution_count": null,
      "outputs": [
        {
          "output_type": "stream",
          "name": "stdout",
          "text": [
            "+--------+---------+-----------+------------+--------------+---------+---------------+----------------+--------------+-------------------+-------------+----------------------+---------+----------+------------+-------+-------------+--------------+------------+-----------------+-----------+--------------------+------------+-------------+---------------+----------+----------------+-----------------+---------------+--------------------+--------------+-----------------------+\n",
            "|      id|diagnosis|radius_mean|texture_mean|perimeter_mean|area_mean|smoothness_mean|compactness_mean|concavity_mean|concave points_mean|symmetry_mean|fractal_dimension_mean|radius_se|texture_se|perimeter_se|area_se|smoothness_se|compactness_se|concavity_se|concave points_se|symmetry_se|fractal_dimension_se|radius_worst|texture_worst|perimeter_worst|area_worst|smoothness_worst|compactness_worst|concavity_worst|concave points_worst|symmetry_worst|fractal_dimension_worst|\n",
            "+--------+---------+-----------+------------+--------------+---------+---------------+----------------+--------------+-------------------+-------------+----------------------+---------+----------+------------+-------+-------------+--------------+------------+-----------------+-----------+--------------------+------------+-------------+---------------+----------+----------------+-----------------+---------------+--------------------+--------------+-----------------------+\n",
            "|  842302|        M|      17.99|       10.38|         122.8|   1001.0|         0.1184|          0.2776|        0.3001|             0.1471|       0.2419|               0.07871|    1.095|    0.9053|       8.589|  153.4|     0.006399|       0.04904|     0.05373|          0.01587|    0.03003|            0.006193|       25.38|        17.33|          184.6|    2019.0|          0.1622|           0.6656|         0.7119|              0.2654|        0.4601|                 0.1189|\n",
            "|  842517|        M|      20.57|       17.77|         132.9|   1326.0|        0.08474|         0.07864|        0.0869|            0.07017|       0.1812|               0.05667|   0.5435|    0.7339|       3.398|  74.08|     0.005225|       0.01308|      0.0186|           0.0134|    0.01389|            0.003532|       24.99|        23.41|          158.8|    1956.0|          0.1238|           0.1866|         0.2416|               0.186|         0.275|                0.08902|\n",
            "|84300903|        M|      19.69|       21.25|         130.0|   1203.0|         0.1096|          0.1599|        0.1974|             0.1279|       0.2069|               0.05999|   0.7456|    0.7869|       4.585|  94.03|      0.00615|       0.04006|     0.03832|          0.02058|     0.0225|            0.004571|       23.57|        25.53|          152.5|    1709.0|          0.1444|           0.4245|         0.4504|               0.243|        0.3613|                0.08758|\n",
            "|84348301|        M|      11.42|       20.38|         77.58|    386.1|         0.1425|          0.2839|        0.2414|             0.1052|       0.2597|               0.09744|   0.4956|     1.156|       3.445|  27.23|      0.00911|       0.07458|     0.05661|          0.01867|    0.05963|            0.009208|       14.91|         26.5|          98.87|     567.7|          0.2098|           0.8663|         0.6869|              0.2575|        0.6638|                  0.173|\n",
            "|84358402|        M|      20.29|       14.34|         135.1|   1297.0|         0.1003|          0.1328|         0.198|             0.1043|       0.1809|               0.05883|   0.7572|    0.7813|       5.438|  94.44|      0.01149|       0.02461|     0.05688|          0.01885|    0.01756|            0.005115|       22.54|        16.67|          152.2|    1575.0|          0.1374|            0.205|            0.4|              0.1625|        0.2364|                0.07678|\n",
            "+--------+---------+-----------+------------+--------------+---------+---------------+----------------+--------------+-------------------+-------------+----------------------+---------+----------+------------+-------+-------------+--------------+------------+-----------------+-----------+--------------------+------------+-------------+---------------+----------+----------------+-----------------+---------------+--------------------+--------------+-----------------------+\n",
            "only showing top 5 rows\n",
            "\n"
          ]
        }
      ]
    },
    {
      "cell_type": "markdown",
      "source": [
        "# **Data Preprosesing**"
      ],
      "metadata": {
        "id": "tF8E2DZ_DhYG"
      }
    },
    {
      "cell_type": "code",
      "source": [
        "#Memeriksa tipe data\n",
        "df.printSchema()"
      ],
      "metadata": {
        "colab": {
          "base_uri": "https://localhost:8080/"
        },
        "id": "xXRHkMlnDlb7",
        "outputId": "04ae6ec1-a1f8-4bfc-911e-d6e0862e660f"
      },
      "execution_count": null,
      "outputs": [
        {
          "output_type": "stream",
          "name": "stdout",
          "text": [
            "root\n",
            " |-- id: integer (nullable = true)\n",
            " |-- diagnosis: string (nullable = true)\n",
            " |-- radius_mean: double (nullable = true)\n",
            " |-- texture_mean: double (nullable = true)\n",
            " |-- perimeter_mean: double (nullable = true)\n",
            " |-- area_mean: double (nullable = true)\n",
            " |-- smoothness_mean: double (nullable = true)\n",
            " |-- compactness_mean: double (nullable = true)\n",
            " |-- concavity_mean: double (nullable = true)\n",
            " |-- concave points_mean: double (nullable = true)\n",
            " |-- symmetry_mean: double (nullable = true)\n",
            " |-- fractal_dimension_mean: double (nullable = true)\n",
            " |-- radius_se: double (nullable = true)\n",
            " |-- texture_se: double (nullable = true)\n",
            " |-- perimeter_se: double (nullable = true)\n",
            " |-- area_se: double (nullable = true)\n",
            " |-- smoothness_se: double (nullable = true)\n",
            " |-- compactness_se: double (nullable = true)\n",
            " |-- concavity_se: double (nullable = true)\n",
            " |-- concave points_se: double (nullable = true)\n",
            " |-- symmetry_se: double (nullable = true)\n",
            " |-- fractal_dimension_se: double (nullable = true)\n",
            " |-- radius_worst: double (nullable = true)\n",
            " |-- texture_worst: double (nullable = true)\n",
            " |-- perimeter_worst: double (nullable = true)\n",
            " |-- area_worst: double (nullable = true)\n",
            " |-- smoothness_worst: double (nullable = true)\n",
            " |-- compactness_worst: double (nullable = true)\n",
            " |-- concavity_worst: double (nullable = true)\n",
            " |-- concave points_worst: double (nullable = true)\n",
            " |-- symmetry_worst: double (nullable = true)\n",
            " |-- fractal_dimension_worst: double (nullable = true)\n",
            "\n"
          ]
        }
      ]
    },
    {
      "cell_type": "code",
      "source": [
        "# Mengganti nama kolom agar lebih mudah dipahami\n",
        "df = df.withColumnRenamed(\"radius_mean\", \"average_radius\") \\\n",
        "       .withColumnRenamed(\"texture_mean\", \"average_texture\") \\\n",
        "       .withColumnRenamed(\"perimeter_mean\", \"average_perimeter\") \\\n",
        "       .withColumnRenamed(\"area_mean\", \"average_area\") \\\n",
        "       .withColumnRenamed(\"smoothness_mean\", \"average_smoothness\") \\\n",
        "       .withColumnRenamed(\"compactness_mean\", \"average_compactness\") \\\n",
        "       .withColumnRenamed(\"concavity_mean\", \"average_concavity\") \\\n",
        "       .withColumnRenamed(\"concave points_mean\", \"average_concave_points\") \\\n",
        "       .withColumnRenamed(\"symmetry_mean\", \"average_symmetry\") \\\n",
        "       .withColumnRenamed(\"fractal_dimension_mean\", \"average_fractal_dimension\") \\\n",
        "       .withColumnRenamed(\"radius_se\", \"radius_standard_error\") \\\n",
        "       .withColumnRenamed(\"texture_se\", \"texture_standard_error\") \\\n",
        "       .withColumnRenamed(\"perimeter_se\", \"perimeter_standard_error\") \\\n",
        "       .withColumnRenamed(\"area_se\", \"area_standard_error\") \\\n",
        "       .withColumnRenamed(\"smoothness_se\", \"smoothness_standard_error\") \\\n",
        "       .withColumnRenamed(\"compactness_se\", \"compactness_standard_error\") \\\n",
        "       .withColumnRenamed(\"concavity_se\", \"concavity_standard_error\") \\\n",
        "       .withColumnRenamed(\"concave points_se\", \"concave_points_standard_error\") \\\n",
        "       .withColumnRenamed(\"symmetry_se\", \"symmetry_standard_error\") \\\n",
        "       .withColumnRenamed(\"fractal_dimension_se\", \"fractal_dimension_standard_error\") \\\n",
        "       .withColumnRenamed(\"radius_worst\", \"worst_radius\") \\\n",
        "       .withColumnRenamed(\"texture_worst\", \"worst_texture\") \\\n",
        "       .withColumnRenamed(\"perimeter_worst\", \"worst_perimeter\") \\\n",
        "       .withColumnRenamed(\"area_worst\", \"worst_area\") \\\n",
        "       .withColumnRenamed(\"smoothness_worst\", \"worst_smoothness\") \\\n",
        "       .withColumnRenamed(\"compactness_worst\", \"worst_compactness\") \\\n",
        "       .withColumnRenamed(\"concavity_worst\", \"worst_concavity\") \\\n",
        "       .withColumnRenamed(\"concave points_worst\", \"worst_concave_points\") \\\n",
        "       .withColumnRenamed(\"symmetry_worst\", \"worst_symmetry\") \\\n",
        "       .withColumnRenamed(\"fractal_dimension_worst\", \"worst_fractal_dimension\")"
      ],
      "metadata": {
        "id": "QnSAvwR-ETPH"
      },
      "execution_count": null,
      "outputs": []
    },
    {
      "cell_type": "code",
      "source": [
        "# Memeriksa nilai null di setiap kolom\n",
        "df.select([count(when(isnull(c), c)).alias(c) for c in df.columns]).show()"
      ],
      "metadata": {
        "colab": {
          "base_uri": "https://localhost:8080/"
        },
        "id": "dniPYF1RE4qA",
        "outputId": "09f500d1-4318-4682-b130-bab6109fcbaa"
      },
      "execution_count": null,
      "outputs": [
        {
          "output_type": "stream",
          "name": "stdout",
          "text": [
            "+---+---------+--------------+---------------+-----------------+------------+------------------+-------------------+-----------------+----------------------+----------------+-------------------------+---------------------+----------------------+------------------------+-------------------+-------------------------+--------------------------+------------------------+-----------------------------+-----------------------+--------------------------------+------------+-------------+---------------+----------+----------------+-----------------+---------------+--------------------+--------------+-----------------------+\n",
            "| id|diagnosis|average_radius|average_texture|average_perimeter|average_area|average_smoothness|average_compactness|average_concavity|average_concave_points|average_symmetry|average_fractal_dimension|radius_standard_error|texture_standard_error|perimeter_standard_error|area_standard_error|smoothness_standard_error|compactness_standard_error|concavity_standard_error|concave_points_standard_error|symmetry_standard_error|fractal_dimension_standard_error|worst_radius|worst_texture|worst_perimeter|worst_area|worst_smoothness|worst_compactness|worst_concavity|worst_concave_points|worst_symmetry|worst_fractal_dimension|\n",
            "+---+---------+--------------+---------------+-----------------+------------+------------------+-------------------+-----------------+----------------------+----------------+-------------------------+---------------------+----------------------+------------------------+-------------------+-------------------------+--------------------------+------------------------+-----------------------------+-----------------------+--------------------------------+------------+-------------+---------------+----------+----------------+-----------------+---------------+--------------------+--------------+-----------------------+\n",
            "|  0|        0|             0|              0|                0|           0|                 0|                  0|                0|                     0|               0|                        0|                    0|                     0|                       0|                  0|                        0|                         0|                       0|                            0|                      0|                               0|           0|            0|              0|         0|               0|                0|              0|                   0|             0|                      0|\n",
            "+---+---------+--------------+---------------+-----------------+------------+------------------+-------------------+-----------------+----------------------+----------------+-------------------------+---------------------+----------------------+------------------------+-------------------+-------------------------+--------------------------+------------------------+-----------------------------+-----------------------+--------------------------------+------------+-------------+---------------+----------+----------------+-----------------+---------------+--------------------+--------------+-----------------------+\n",
            "\n"
          ]
        }
      ]
    },
    {
      "cell_type": "code",
      "source": [
        "# Menampilkan summary\n",
        "df.describe().show()"
      ],
      "metadata": {
        "colab": {
          "base_uri": "https://localhost:8080/"
        },
        "id": "5VSWg2msFVbe",
        "outputId": "1370ca92-12de-4435-a33a-93b11525b525"
      },
      "execution_count": null,
      "outputs": [
        {
          "output_type": "stream",
          "name": "stdout",
          "text": [
            "+-------+--------------------+---------+------------------+-----------------+-----------------+-----------------+--------------------+-------------------+-------------------+----------------------+--------------------+-------------------------+---------------------+----------------------+------------------------+-------------------+-------------------------+--------------------------+------------------------+-----------------------------+-----------------------+--------------------------------+------------------+------------------+------------------+-----------------+--------------------+-------------------+-------------------+--------------------+-------------------+-----------------------+\n",
            "|summary|                  id|diagnosis|    average_radius|  average_texture|average_perimeter|     average_area|  average_smoothness|average_compactness|  average_concavity|average_concave_points|    average_symmetry|average_fractal_dimension|radius_standard_error|texture_standard_error|perimeter_standard_error|area_standard_error|smoothness_standard_error|compactness_standard_error|concavity_standard_error|concave_points_standard_error|symmetry_standard_error|fractal_dimension_standard_error|      worst_radius|     worst_texture|   worst_perimeter|       worst_area|    worst_smoothness|  worst_compactness|    worst_concavity|worst_concave_points|     worst_symmetry|worst_fractal_dimension|\n",
            "+-------+--------------------+---------+------------------+-----------------+-----------------+-----------------+--------------------+-------------------+-------------------+----------------------+--------------------+-------------------------+---------------------+----------------------+------------------------+-------------------+-------------------------+--------------------------+------------------------+-----------------------------+-----------------------+--------------------------------+------------------+------------------+------------------+-----------------+--------------------+-------------------+-------------------+--------------------+-------------------+-----------------------+\n",
            "|  count|                 569|      569|               569|              569|              569|              569|                 569|                569|                569|                   569|                 569|                      569|                  569|                   569|                     569|                569|                      569|                       569|                     569|                          569|                    569|                             569|               569|               569|               569|              569|                 569|                569|                569|                 569|                569|                    569|\n",
            "|   mean|3.0371831432337433E7|     NULL|14.127291739894563|19.28964850615117|91.96903339191566|654.8891036906857|   0.096360281195079|0.10434098418277686|0.08879931581722322|  0.048919145869947236|   0.181161862917399|      0.06279760984182778|   0.4051720562390161|    1.2168534270650269|      2.8660592267135288|  40.33707908611603|     0.007040978910369071|      0.025478138840070306|    0.031893716344463946|         0.011796137082601056|   0.020542298769771532|            0.003794903866432...|16.269189806678394|25.677223198594014| 107.2612126537786|880.5831282952545| 0.13236859402460469|0.25426504393673144|0.27218848330404205| 0.11460622319859404|0.29007557117750454|    0.08394581722319855|\n",
            "| stddev|1.2502058561222367E8|     NULL|3.5240488262120793|4.301035768166948| 24.2989810387549|351.9141291816529|0.014064128137673616| 0.0528127579325122|0.07971980870789354|   0.03880284485915361|0.027414281336035712|     0.007060362795084457|   0.2773127329861039|    0.5516483926172022|      2.0218545540421085|  45.49100551613178|     0.003002517943839066|       0.01790817932567739|    0.030186060322988394|         0.006170285174046867|   0.008266371528798402|            0.002646070967089195| 4.833241580469323|6.1462576230383235|33.602542269036356|569.3569926699494|0.022832429404835465|  0.157336488913742|0.20862428060813235| 0.06573234119594208|0.06186746753751871|    0.01806126734889399|\n",
            "|    min|                8670|        B|             6.981|             9.71|            43.79|            143.5|             0.05263|            0.01938|                0.0|                   0.0|               0.106|                  0.04996|               0.1115|                0.3602|                   0.757|              6.802|                 0.001713|                  0.002252|                     0.0|                          0.0|               0.007882|                        8.948E-4|              7.93|             12.02|             50.41|            185.2|             0.07117|            0.02729|                0.0|                 0.0|             0.1565|                0.05504|\n",
            "|    max|           911320502|        M|             28.11|            39.28|            188.5|           2501.0|              0.1634|             0.3454|             0.4268|                0.2012|               0.304|                  0.09744|                2.873|                 4.885|                   21.98|              542.2|                  0.03113|                    0.1354|                   0.396|                      0.05279|                0.07895|                         0.02984|             36.04|             49.54|             251.2|           4254.0|              0.2226|              1.058|              1.252|               0.291|             0.6638|                 0.2075|\n",
            "+-------+--------------------+---------+------------------+-----------------+-----------------+-----------------+--------------------+-------------------+-------------------+----------------------+--------------------+-------------------------+---------------------+----------------------+------------------------+-------------------+-------------------------+--------------------------+------------------------+-----------------------------+-----------------------+--------------------------------+------------------+------------------+------------------+-----------------+--------------------+-------------------+-------------------+--------------------+-------------------+-----------------------+\n",
            "\n"
          ]
        }
      ]
    },
    {
      "cell_type": "code",
      "source": [
        "#Menghapus kolom ID yang tidak penting\n",
        "df = df.drop(\"id\")"
      ],
      "metadata": {
        "id": "1lYya5J-GSG5"
      },
      "execution_count": null,
      "outputs": []
    },
    {
      "cell_type": "code",
      "source": [
        "from pyspark.ml.stat import Correlation\n",
        "from pyspark.ml.feature import VectorAssembler\n",
        "from pyspark.sql.functions import col, when\n",
        "\n",
        "\n",
        "# Gabungkan semua kolom numerik menjadi satu vektor untuk perhitungan korelasi\n",
        "feature_columns = [col for col in df.columns if col not in ['id', 'diagnosis', 'label']]\n",
        "assembler = VectorAssembler(inputCols=feature_columns, outputCol=\"features\")\n",
        "df_vector = assembler.transform(df)\n",
        "\n",
        "# Hitung matriks korelasi\n",
        "correlation_matrix = Correlation.corr(df_vector, \"features\").head()[0]\n",
        "print(\"Matriks Korelasi:\\n\", correlation_matrix.toArray())\n"
      ],
      "metadata": {
        "id": "-i8o9E7YNbCO",
        "colab": {
          "base_uri": "https://localhost:8080/"
        },
        "outputId": "5899e33b-f5eb-428f-bee2-8988865b84aa"
      },
      "execution_count": null,
      "outputs": [
        {
          "output_type": "stream",
          "name": "stdout",
          "text": [
            "Matriks Korelasi:\n",
            " [[ 1.00000000e+00  3.23781891e-01  9.97855281e-01  9.87357170e-01\n",
            "   1.70581187e-01  5.06123578e-01  6.76763550e-01  8.22528522e-01\n",
            "   1.47741242e-01 -3.11630826e-01  6.79090388e-01 -9.73174431e-02\n",
            "   6.74171616e-01  7.35863663e-01 -2.22600125e-01  2.05999980e-01\n",
            "   1.94203623e-01  3.76168956e-01 -1.04320881e-01 -4.26412691e-02\n",
            "   9.69538973e-01  2.97007644e-01  9.65136514e-01  9.41082460e-01\n",
            "   1.19616140e-01  4.13462823e-01  5.26911462e-01  7.44214198e-01\n",
            "   1.63953335e-01  7.06588569e-03]\n",
            " [ 3.23781891e-01  1.00000000e+00  3.29533059e-01  3.21085696e-01\n",
            "  -2.33885160e-02  2.36702222e-01  3.02417828e-01  2.93464051e-01\n",
            "   7.14009805e-02 -7.64371834e-02  2.75868676e-01  3.86357623e-01\n",
            "   2.81673115e-01  2.59844987e-01  6.61377735e-03  1.91974611e-01\n",
            "   1.43293077e-01  1.63851025e-01  9.12716776e-03  5.44575196e-02\n",
            "   3.52572947e-01  9.12044589e-01  3.58039575e-01  3.43545947e-01\n",
            "   7.75033588e-02  2.77829592e-01  3.01025224e-01  2.95315843e-01\n",
            "   1.05007910e-01  1.19205351e-01]\n",
            " [ 9.97855281e-01  3.29533059e-01  1.00000000e+00  9.86506804e-01\n",
            "   2.07278164e-01  5.56936211e-01  7.16135650e-01  8.50977041e-01\n",
            "   1.83027212e-01 -2.61476908e-01  6.91765014e-01 -8.67610783e-02\n",
            "   6.93134890e-01  7.44982694e-01 -2.02694026e-01  2.50743681e-01\n",
            "   2.28082345e-01  4.07216916e-01 -8.16293270e-02 -5.52339106e-03\n",
            "   9.69476363e-01  3.03038372e-01  9.70386887e-01  9.41549808e-01\n",
            "   1.50549404e-01  4.55774228e-01  5.63879263e-01  7.71240789e-01\n",
            "   1.89115040e-01  5.10185297e-02]\n",
            " [ 9.87357170e-01  3.21085696e-01  9.86506804e-01  1.00000000e+00\n",
            "   1.77028377e-01  4.98501682e-01  6.85982829e-01  8.23268869e-01\n",
            "   1.51293079e-01 -2.83109812e-01  7.32562227e-01 -6.62802136e-02\n",
            "   7.26628328e-01  8.00085921e-01 -1.66776667e-01  2.12582551e-01\n",
            "   2.07660060e-01  3.72320282e-01 -7.24965882e-02 -1.98869632e-02\n",
            "   9.62746086e-01  2.87488627e-01  9.59119574e-01  9.59213326e-01\n",
            "   1.23522939e-01  3.90410309e-01  5.12605920e-01  7.22016626e-01\n",
            "   1.43569914e-01  3.73759735e-03]\n",
            " [ 1.70581187e-01 -2.33885160e-02  2.07278164e-01  1.77028377e-01\n",
            "   1.00000000e+00  6.59123215e-01  5.21983768e-01  5.53695173e-01\n",
            "   5.57774788e-01  5.84792002e-01  3.01467098e-01  6.84064482e-02\n",
            "   2.96091933e-01  2.46552432e-01  3.32375443e-01  3.18943297e-01\n",
            "   2.48395680e-01  3.80675691e-01  2.00774376e-01  2.83606699e-01\n",
            "   2.13120142e-01  3.60717988e-02  2.38852626e-01  2.06718363e-01\n",
            "   8.05324195e-01  4.72468444e-01  4.34925715e-01  5.03053353e-01\n",
            "   3.94309482e-01  4.99316369e-01]\n",
            " [ 5.06123578e-01  2.36702222e-01  5.56936211e-01  4.98501682e-01\n",
            "   6.59123215e-01  1.00000000e+00  8.83120670e-01  8.31135043e-01\n",
            "   6.02641048e-01  5.65368663e-01  4.97473446e-01  4.62048307e-02\n",
            "   5.48905265e-01  4.55652852e-01  1.35299268e-01  7.38721790e-01\n",
            "   5.70516871e-01  6.42261851e-01  2.29976591e-01  5.07318127e-01\n",
            "   5.35315398e-01  2.48132833e-01  5.90210428e-01  5.09603806e-01\n",
            "   5.65541166e-01  8.65809040e-01  8.16275250e-01  8.15573224e-01\n",
            "   5.10223430e-01  6.87382323e-01]\n",
            " [ 6.76763550e-01  3.02417828e-01  7.16135650e-01  6.85982829e-01\n",
            "   5.21983768e-01  8.83120670e-01  1.00000000e+00  9.21391026e-01\n",
            "   5.00666617e-01  3.36783359e-01  6.31924822e-01  7.62183481e-02\n",
            "   6.60390787e-01  6.17426806e-01  9.85637458e-02  6.70278825e-01\n",
            "   6.91270208e-01  6.83259917e-01  1.78009208e-01  4.49300749e-01\n",
            "   6.88236408e-01  2.99878889e-01  7.29564917e-01  6.75987231e-01\n",
            "   4.48822038e-01  7.54968016e-01  8.84102639e-01  8.61323034e-01\n",
            "   4.09464127e-01  5.14929891e-01]\n",
            " [ 8.22528522e-01  2.93464051e-01  8.50977041e-01  8.23268869e-01\n",
            "   5.53695173e-01  8.31135043e-01  9.21391026e-01  1.00000000e+00\n",
            "   4.62497388e-01  1.66917383e-01  6.98049834e-01  2.14795819e-02\n",
            "   7.10649872e-01  6.90298540e-01  2.76533084e-02  4.90424250e-01\n",
            "   4.39167068e-01  6.15634131e-01  9.53507869e-02  2.57583746e-01\n",
            "   8.30317631e-01  2.92751713e-01  8.55923128e-01  8.09629620e-01\n",
            "   4.52753054e-01  6.67453677e-01  7.52399498e-01  9.10155314e-01\n",
            "   3.75744145e-01  3.68661134e-01]\n",
            " [ 1.47741242e-01  7.14009805e-02  1.83027212e-01  1.51293079e-01\n",
            "   5.57774788e-01  6.02641048e-01  5.00666617e-01  4.62497388e-01\n",
            "   1.00000000e+00  4.79921330e-01  3.03379263e-01  1.28052926e-01\n",
            "   3.13892761e-01  2.23970219e-01  1.87321165e-01  4.21659147e-01\n",
            "   3.42627023e-01  3.93297872e-01  4.49136542e-01  3.31786146e-01\n",
            "   1.85727753e-01  9.06506881e-02  2.19168559e-01  1.77193377e-01\n",
            "   4.26675026e-01  4.73200013e-01  4.33721008e-01  4.30296611e-01\n",
            "   6.99825798e-01  4.38413498e-01]\n",
            " [-3.11630826e-01 -7.64371834e-02 -2.61476908e-01 -2.83109812e-01\n",
            "   5.84792002e-01  5.65368663e-01  3.36783359e-01  1.66917383e-01\n",
            "   4.79921330e-01  1.00000000e+00  1.10995073e-04  1.64173966e-01\n",
            "   3.98299316e-02 -9.01702475e-02  4.01964425e-01  5.59836691e-01\n",
            "   4.46630322e-01  3.41198044e-01  3.45007397e-01  6.88131577e-01\n",
            "  -2.53691495e-01 -5.12692020e-02 -2.05151211e-01 -2.31854451e-01\n",
            "   5.04942075e-01  4.58798157e-01  3.46233876e-01  1.75325449e-01\n",
            "   3.34018684e-01  7.67296779e-01]\n",
            " [ 6.79090388e-01  2.75868676e-01  6.91765014e-01  7.32562227e-01\n",
            "   3.01467098e-01  4.97473446e-01  6.31924822e-01  6.98049834e-01\n",
            "   3.03379263e-01  1.10995073e-04  1.00000000e+00  2.13247337e-01\n",
            "   9.72793677e-01  9.51830112e-01  1.64514220e-01  3.56064576e-01\n",
            "   3.32357538e-01  5.13346441e-01  2.40567362e-01  2.27753533e-01\n",
            "   7.15065195e-01  1.94798557e-01  7.19683804e-01  7.51548476e-01\n",
            "   1.41918553e-01  2.87103166e-01  3.80584635e-01  5.31062328e-01\n",
            "   9.45428304e-02  4.95594325e-02]\n",
            " [-9.73174431e-02  3.86357623e-01 -8.67610783e-02 -6.62802136e-02\n",
            "   6.84064482e-02  4.62048307e-02  7.62183481e-02  2.14795819e-02\n",
            "   1.28052926e-01  1.64173966e-01  2.13247337e-01  1.00000000e+00\n",
            "   2.23170729e-01  1.11567247e-01  3.97242853e-01  2.31699699e-01\n",
            "   1.94998464e-01  2.30283400e-01  4.11620680e-01  2.79722748e-01\n",
            "  -1.11690313e-01  4.09002766e-01 -1.02241922e-01 -8.31949886e-02\n",
            "  -7.36576591e-02 -9.24393536e-02 -6.89562205e-02 -1.19637523e-01\n",
            "  -1.28214758e-01 -4.56545686e-02]\n",
            " [ 6.74171616e-01  2.81673115e-01  6.93134890e-01  7.26628328e-01\n",
            "   2.96091933e-01  5.48905265e-01  6.60390787e-01  7.10649872e-01\n",
            "   3.13892761e-01  3.98299316e-02  9.72793677e-01  2.23170729e-01\n",
            "   1.00000000e+00  9.37655407e-01  1.51075331e-01  4.16322368e-01\n",
            "   3.62481582e-01  5.56264084e-01  2.66487092e-01  2.44142773e-01\n",
            "   6.97200593e-01  2.00370854e-01  7.21031310e-01  7.30712973e-01\n",
            "   1.30054392e-01  3.41919445e-01  4.18898816e-01  5.54897231e-01\n",
            "   1.09930434e-01  8.54325721e-02]\n",
            " [ 7.35863663e-01  2.59844987e-01  7.44982694e-01  8.00085921e-01\n",
            "   2.46552432e-01  4.55652852e-01  6.17426806e-01  6.90298540e-01\n",
            "   2.23970219e-01 -9.01702475e-02  9.51830112e-01  1.11567247e-01\n",
            "   9.37655407e-01  1.00000000e+00  7.51503381e-02  2.84840057e-01\n",
            "   2.70894726e-01  4.15729568e-01  1.34108980e-01  1.27070903e-01\n",
            "   7.57373189e-01  1.96496649e-01  7.61212636e-01  8.11407961e-01\n",
            "   1.25389431e-01  2.83256538e-01  3.85100136e-01  5.38166314e-01\n",
            "   7.41262916e-02  1.75392951e-02]\n",
            " [-2.22600125e-01  6.61377735e-03 -2.02694026e-01 -1.66776667e-01\n",
            "   3.32375443e-01  1.35299268e-01  9.85637458e-02  2.76533084e-02\n",
            "   1.87321165e-01  4.01964425e-01  1.64514220e-01  3.97242853e-01\n",
            "   1.51075331e-01  7.51503381e-02  1.00000000e+00  3.36696081e-01\n",
            "   2.68684760e-01  3.28429499e-01  4.13506125e-01  4.27374207e-01\n",
            "  -2.30690710e-01 -7.47429649e-02 -2.17303755e-01 -1.82195478e-01\n",
            "   3.14457456e-01 -5.55581387e-02 -5.82983867e-02 -1.02006796e-01\n",
            "  -1.07342098e-01  1.01480315e-01]\n",
            " [ 2.05999980e-01  1.91974611e-01  2.50743681e-01  2.12582551e-01\n",
            "   3.18943297e-01  7.38721790e-01  6.70278825e-01  4.90424250e-01\n",
            "   4.21659147e-01  5.59836691e-01  3.56064576e-01  2.31699699e-01\n",
            "   4.16322368e-01  2.84840057e-01  3.36696081e-01  1.00000000e+00\n",
            "   8.01268343e-01  7.44082668e-01  3.94712835e-01  8.03268818e-01\n",
            "   2.04607166e-01  1.43002583e-01  2.60515840e-01  1.99371329e-01\n",
            "   2.27394232e-01  6.78780354e-01  6.39146698e-01  4.83208327e-01\n",
            "   2.77878431e-01  5.90972763e-01]\n",
            " [ 1.94203623e-01  1.43293077e-01  2.28082345e-01  2.07660060e-01\n",
            "   2.48395680e-01  5.70516871e-01  6.91270208e-01  4.39167068e-01\n",
            "   3.42627023e-01  4.46630322e-01  3.32357538e-01  1.94998464e-01\n",
            "   3.62481582e-01  2.70894726e-01  2.68684760e-01  8.01268343e-01\n",
            "   1.00000000e+00  7.71803995e-01  3.09428578e-01  7.27372184e-01\n",
            "   1.86903516e-01  1.00240984e-01  2.26680426e-01  1.88352652e-01\n",
            "   1.68481321e-01  4.84857801e-01  6.62564134e-01  4.40472263e-01\n",
            "   1.97787822e-01  4.39329269e-01]\n",
            " [ 3.76168956e-01  1.63851025e-01  4.07216916e-01  3.72320282e-01\n",
            "   3.80675691e-01  6.42261851e-01  6.83259917e-01  6.15634131e-01\n",
            "   3.93297872e-01  3.41198044e-01  5.13346441e-01  2.30283400e-01\n",
            "   5.56264084e-01  4.15729568e-01  3.28429499e-01  7.44082668e-01\n",
            "   7.71803995e-01  1.00000000e+00  3.12780223e-01  6.11044139e-01\n",
            "   3.58126669e-01  8.67412099e-02  3.94999252e-01  3.42271162e-01\n",
            "   2.15350597e-01  4.52888377e-01  5.49592375e-01  6.02449606e-01\n",
            "   1.43115669e-01  3.10654551e-01]\n",
            " [-1.04320881e-01  9.12716776e-03 -8.16293270e-02 -7.24965882e-02\n",
            "   2.00774376e-01  2.29976591e-01  1.78009208e-01  9.53507869e-02\n",
            "   4.49136542e-01  3.45007397e-01  2.40567362e-01  4.11620680e-01\n",
            "   2.66487092e-01  1.34108980e-01  4.13506125e-01  3.94712835e-01\n",
